 <pre>

 Contingency table for Rh2m (%)
 Selection: ALL   1053 stations
Period: 20220816-20220826
Used {All hours} + 00 01 ... 12
 Limits    30.0000000       50.0000000       65.0000000       75.0000000       85.0000000       95.0000000       100.000000    
 Each class is data <= limit, the very last > last limit
 Total number of values     2154898
                                              OBSERVATION
                                   3406     4378       71        6        6        0        0        0 |      7867
                                   2165   122553    60607     6272     1921      574       66        0 |    194158
                                     20    33302   190409    93428    35966    12159     2380        0 |    367664
                      MNWC_ref        1     2707    56170   141838   118193    46023     9889        0 |    374821
                                      0      704    14760    69185   195057   151144    39064        0 |    469914
                                      0      121     2880    16065    87110   259765   142428        0 |    508369
                                      0        5      282     1568    11642    61130   145174        0 |    219801
                                      0        0        0       39      612     2812     8841        0 |     12304

                    SUM            5592   163770   325179   328401   450507   533607   347842        0 |   2154898
                                              OBSERVATION
                                   3960     7220      343       18        6        0        0        0 |     11547
                                   1609   115003    58202     8946     3335     1386      279        0 |    188760
                                     23    37470   190659    92391    38372    15161     3906        0 |    377982
                       MNWC_1h        0     3027    57317   141092   121454    51030    12432        0 |    386352
                                      0      884    14891    67750   192375   158546    42311        0 |    476757
                                      0      142     3409    16466    82437   250660   147532        0 |    500646
                                      0       24      358     1717    11963    54407   133991        0 |    202460
                                      0        0        0       21      565     2417     7391        0 |     10394

                    SUM            5592   163770   325179   328401   450507   533607   347842        0 |   2154898
                                              OBSERVATION
                                   3779     6267      184        6        9        0        0        0 |     10245
                                   1797   117385    58156     7349     2479      865       94        0 |    188125
                                     15    36581   192973    94705    37701    13565     3026        0 |    378566
                       MNWC_2h        1     2659    56096   141344   123237    50576    11366        0 |    385279
                                      0      702    14249    67144   195075   163364    43055        0 |    483589
                                      0      153     3188    16119    80254   250230   149476        0 |    499420
                                      0       23      331     1683    11287    52758   134044        0 |    200126
                                      0        0        2       51      465     2249     6781        0 |      9548

                    SUM            5592   163770   325179   328401   450507   533607   347842        0 |   2154898
                                              OBSERVATION
                                   3798     6622      251        8        6        0        0        0 |     10685
                                   1771   118955    62681     8788     3010     1054      136        0 |    196395
                                     22    34783   190162    96942    40370    15146     3441        0 |    380866
                       MNWC_3h        1     2638    54625   139437   123527    51362    12021        0 |    383611
                                      0      647    14242    65892   192301   161482    43615        0 |    478179
                                      0      113     2914    15673    79804   248905   147618        0 |    495027
                                      0       12      304     1609    10971    53246   133945        0 |    200087
                                      0        0        0       52      518     2412     7066        0 |     10048

                    SUM            5592   163770   325179   328401   450507   533607   347842        0 |   2154898

