 <pre>

 Contingency table for 6h Precipitation (mm/6h)
 Selection: ALL    684 stations
Period: 20220816-20220826
Used {All hours} + 06-00 07-01 08-02 09-03 10-04 11-05 12-06
 Limits   0.100000001      0.200000003      0.500000000       1.00000000       2.00000000       5.00000000       10.0000000       20.0000000       35.0000000    
 Each class is data <= limit, the very last > last limit
 Total number of values      732346
                                                       OBSERVATION
                                 573353     8875    10528     6783     6051     6601     3905     2173      381       21 |    618671
                                   9250      693     1202      982      945      861      455      241       37        0 |     14666
                                  11529      972     1843     1631     1649     1723      815      384       55        0 |     20601
                                   8023      863     1554     1517     1640     1993      885      426       69        1 |     16971
                      MNWC_ref     6884      806     1532     1698     2053     2758     1396      559      110        2 |     17798
                                   6548      738     1474     1906     2899     4946     2835     1255      187       26 |     22814
                                   2624      319      608      730     1231     2693     2576     1591      260       50 |     12682
                                    804       94      187      207      427     1102     1441     1518      468       86 |      6334
                                     97       17       46       53       71      172      281      463      323       47 |      1570
                                     19        4        6       11       13       22       45       79       29       11 |       239

                    SUM          619131    13381    18980    15518    16979    22871    14634     8689     1919      244 |    732346
                                                       OBSERVATION
                                 569746     8958    10789     7205     6548     7172     4052     2179      278        9 |    616936
                                   9366      605     1124      848      823      918      484      296       42        0 |     14506
                                  11843      938     1733     1582     1533     1810      868      457       64        0 |     20828
                                   8752      798     1441     1395     1573     2091      869      431       73        2 |     17425
                       MNWC_1h     7959      819     1566     1557     2019     2711     1329      627      107        5 |     18699
                                   7456      854     1473     1823     2790     4421     2863     1245      202       26 |     23153
                                   2909      319      577      803     1189     2585     2525     1588      312       42 |     12849
                                    939       72      223      254      423      930     1356     1442      519       71 |      6229
                                    132       13       49       45       64      203      267      366      273       65 |      1477
                                     29        5        5        6       17       30       21       58       49       24 |       244

                    SUM          619131    13381    18980    15518    16979    22871    14634     8689     1919      244 |    732346
                                                       OBSERVATION
                                 572851     9144    10994     7104     6484     7227     4132     2242      351       21 |    620550
                                   9018      615     1136      983      899      915      382      276       62        0 |     14286
                                  11076      913     1715     1553     1593     1649      784      414       79        0 |     19776
                                   8262      780     1432     1352     1691     1952      867      400       71        0 |     16807
                       MNWC_2h     7355      824     1543     1693     2082     2728     1304      595       94        3 |     18221
                                   7022      806     1426     1814     2728     4781     2948     1240      157        4 |     22926
                                   2547      243      537      742     1100     2465     2613     1614      258       23 |     12142
                                    862       43      153      252      358      999     1324     1439      548      102 |      6080
                                    118        5       33       25       42      143      242      442      264       57 |      1371
                                     20        8       11        0        2       12       38       27       35       34 |       187

                    SUM          619131    13381    18980    15518    16979    22871    14634     8689     1919      244 |    732346
                                                       OBSERVATION
                                 574234     9231    10960     7161     6528     7119     4109     2276      361       21 |    622000
                                   8942      631     1157      912      889      962      444      257       44        0 |     14238
                                  11104      873     1817     1560     1540     1774      772      374       59        0 |     19873
                                   7662      797     1460     1324     1588     1940      901      413       51        0 |     16136
                       MNWC_3h     7216      768     1449     1764     2132     2816     1336      645       87        0 |     18213
                                   6684      750     1344     1749     2742     4610     2858     1261      211        6 |     22215
                                   2397      243      553      774     1153     2601     2543     1474      266       32 |     12036
                                    763       75      190      235      370      901     1389     1526      524       83 |      6056
                                    112        9       46       32       32      133      259      430      288       78 |      1419
                                     17        4        4        7        5       15       23       33       28       24 |       160

                    SUM          619131    13381    18980    15518    16979    22871    14634     8689     1919      244 |    732346

