 <pre>

 Contingency table for 3h Precipitation (mm/3h)
 Selection: METCOOP    346 stations
Period: 20220816-20220826
Used {All hours} + 03 04 ... 12
 Limits   0.100000001      0.200000003      0.500000000       1.00000000       2.00000000       5.00000000       10.0000000       15.0000000       20.0000000    
 Each class is data <= limit, the very last > last limit
 Total number of values      634957
                                                       OBSERVATION
                                 521604     5568     7794     5296     4811     5032     2646      905      407      145 |    554208
                                   7567      505      924      857      724      717      290       84       21       12 |     11701
                                   9708      750     1518     1444     1324     1282      515      132       34        9 |     16716
                                   6543      609     1380     1366     1415     1475      595      144       53       27 |     13607
                      MNWC_ref     5343      596     1142     1409     1736     2057      754      197       65       33 |     13332
                                   4632      465     1019     1385     2195     3437     1595      469      149       98 |     15444
                                   1496      163      296      457      683     1534     1268      498      195      133 |      6723
                                    272       45       71       73      157      377      408      304      188       70 |      1965
                                     66       16       29       38       54      125      128      160      104       42 |       762
                                     49        6       16       32       40       83       80       85       78       30 |       499

                    SUM          557280     8723    14189    12357    13139    16119     8279     2978     1294      599 |    634957
                                                       OBSERVATION
                                 517905     5567     7975     5595     5116     5577     2812      911      438      127 |    552023
                                   7953      425      886      750      741      667      297       84       23        9 |     11835
                                  10424      779     1420     1324     1268     1307      505      167       52       13 |     17259
                                   7306      627     1201     1199     1330     1401      507      161       35       28 |     13795
                       MNWC_1h     6126      590     1208     1350     1701     2011      742      211       58       42 |     14039
                                   5476      522     1070     1492     2059     3186     1635      441      145       78 |     16104
                                   1639      155      325      480      675     1509     1248      547      237       99 |      6914
                                    304       35       68      108      153      303      365      286      153       74 |      1849
                                     91       14       19       30       59       97       99      112       86       52 |       659
                                     56        9       17       29       37       61       69       58       67       77 |       480

                    SUM          557280     8723    14189    12357    13139    16119     8279     2978     1294      599 |    634957
                                                       OBSERVATION
                                 520202     5709     7967     5466     5057     5473     2784      932      461      138 |    554189
                                   7601      441      980      786      706      666      260       81       24       11 |     11556
                                   9753      721     1366     1341     1264     1233      504      143       42       17 |     16384
                                   6846      607     1264     1304     1410     1412      506      140       40       15 |     13544
                       MNWC_2h     5850      575     1182     1380     1772     2010      714      185       61       30 |     13759
                                   5153      464     1024     1449     2079     3273     1633      436      108       86 |     15705
                                   1421      158      295      450      648     1483     1330      579      243       87 |      6694
                                    309       23       69      116      145      391      379      296      181       95 |      2004
                                     93       17       20       49       36      110      111      120       79       44 |       679
                                     52        8       22       16       22       68       58       66       55       76 |       443

                    SUM          557280     8723    14189    12357    13139    16119     8279     2978     1294      599 |    634957
                                                       OBSERVATION
                                 520984     5701     7951     5389     4973     5326     2742      923      443      135 |    554567
                                   7606      422      929      839      749      689      263       78       17        6 |     11598
                                   9601      734     1461     1309     1292     1245      467      136       39       13 |     16297
                                   6598      646     1254     1282     1382     1477      536      144       42       18 |     13379
                       MNWC_3h     5784      600     1210     1486     1741     2101      737      219       66       29 |     13973
                                   4849      418     1003     1432     2152     3261     1538      432      123       93 |     15301
                                   1452      154      290      464      641     1483     1393      535      215      116 |      6743
                                    288       37       60       98      143      357      410      296      192       70 |      1951
                                     86        8       17       31       43      115      130      140       79       52 |       701
                                     32        3       14       27       23       65       63       75       78       67 |       447

                    SUM          557280     8723    14189    12357    13139    16119     8279     2978     1294      599 |    634957

