 <pre>

 Contingency table for Visibility (m)
 Selection: ALL    714 stations
Period: 20220816-20220826
Used {All hours} + 00 01 ... 12
 Limits    1000.00000       5000.00000       10000.0000       20000.0000    
 Each class is data <= limit, the very last > last limit
 Total number of values     1317314
                                     OBSERVATION
                                   4965     2516     1661     2295     3036 |     14473
                                  13037    18377    20364    29694    30329 |    111801
                      MNWC_ref     5564    12588    19973    42640    54170 |    134935
                                   3265    11278    27131    90852   197063 |    329589
                                   3670    10027    40717   172387   499715 |    726516

                    SUM           30501    54786   109846   337868   784313 |   1317314
                                     OBSERVATION
                                   4282     1928     1406     2633     3686 |     13935
                                  12596    16667    17663    26297    28684 |    101907
                       MNWC_1h     5977    13053    19557    39584    51930 |    130101
                                   3582    11709    26859    92042   195087 |    329279
                                   4064    11429    44361   177312   504926 |    742092

                    SUM           30501    54786   109846   337868   784313 |   1317314
                                     OBSERVATION
                                   4053     1758     1311     2182     2752 |     12056
                                  12705    16644    17595    25714    26767 |     99425
                       MNWC_2h     6064    13136    19365    39340    50016 |    127921
                                   3642    12424    28637    94063   198520 |    337286
                                   4037    10824    42938   176569   506258 |    740626

                    SUM           30501    54786   109846   337868   784313 |   1317314
                                     OBSERVATION
                                   4051     1811     1261     2036     2589 |     11748
                                  12686    16728    17631    25521    26472 |     99038
                       MNWC_3h     5988    12805    18972    38234    49120 |    125119
                                   3750    12203    28250    92238   195442 |    331883
                                   4026    11239    43732   179839   510690 |    749526

                    SUM           30501    54786   109846   337868   784313 |   1317314

