 <pre>

 Contingency table for 3h Precipitation (mm/3h)
 Selection: ALL    604 stations
Period: 20220816-20220826
Used {All hours} + 03 04 ... 12
 Limits   0.100000001      0.200000003      0.500000000       1.00000000       2.00000000       5.00000000       10.0000000       15.0000000       20.0000000    
 Each class is data <= limit, the very last > last limit
 Total number of values     1013189
                                                       OBSERVATION
                                 851385     9760    11774     7896     7625     7799     4251     1368      532      228 |    902618
                                  10810      763     1243     1140     1035     1005      421      115       30       25 |     16587
                                  13566     1090     1955     1927     1852     1819      730      198       47       16 |     23200
                                   9281      845     1741     1791     1897     2001      838      235       70       32 |     18731
                      MNWC_ref     7437      782     1500     1843     2336     2815     1035      275       84       38 |     18145
                                   6641      605     1361     1833     2886     4462     2143      588      193      105 |     20817
                                   2109      221      395      604      982     1972     1682      583      231      146 |      8925
                                    423       59       93      104      231      492      521      330      204       81 |      2538
                                    105       21       33       47       75      148      167      181      108       52 |       937
                                     95       11       22       41       51      104      141      101       81       44 |       691

                    SUM          901852    14157    20117    17226    18970    22617    11929     3974     1580      767 |   1013189
                                                       OBSERVATION
                                 846861     9786    11906     8355     8146     8474     4404     1312      561      190 |    899995
                                  11089      637     1207     1019     1023      993      424      148       37       21 |     16598
                                  14365     1057     1907     1758     1784     1881      719      247       71       28 |     23817
                                  10240      848     1535     1590     1852     2029      746      254       51       30 |     19175
                       MNWC_1h     8671      806     1584     1748     2227     2734     1136      310       78       51 |     19345
                                   7522      709     1388     1913     2673     4006     2169      559      199       91 |     21229
                                   2335      238      437      623      906     1860     1576      631      267      111 |      8984
                                    498       46       85      141      222      398      490      317      160       83 |      2440
                                    173       19       35       40       81      143      142      128       89       68 |       918
                                     98       11       33       39       56       99      123       68       67       94 |       688

                    SUM          901852    14157    20117    17226    18970    22617    11929     3974     1580      767 |   1013189
                                                       OBSERVATION
                                 850416     9987    12063     8223     8099     8376     4381     1398      579      207 |    903729
                                  10614      647     1268     1040      992      980      382      128       42       23 |     16116
                                  13550     1032     1807     1782     1784     1757      709      235       60       28 |     22744
                                   9492      842     1598     1676     1923     2002      745      214       56       28 |     18576
                       MNWC_2h     8179      785     1547     1814     2352     2781     1056      257       77       37 |     18885
                                   6921      603     1319     1898     2723     4203     2177      542      150       96 |     20632
                                   2004      203      375      583      830     1814     1724      665      284       95 |      8577
                                    445       28       82      135      181      473      490      327      195      101 |      2457
                                    141       20       28       58       54      142      159      132       81       57 |       872
                                     90       10       30       17       32       89      106       76       56       95 |       601

                    SUM          901852    14157    20117    17226    18970    22617    11929     3974     1580      767 |   1013189
                                                       OBSERVATION
                                 851543    10068    12052     8178     8021     8311     4366     1403      557      225 |    904724
                                  10678      620     1194     1106     1048      962      393      124       37       13 |     16175
                                  13390     1019     1921     1745     1809     1768      679      216       58       20 |     22625
                                   9133      841     1615     1650     1893     2068      786      216       51       23 |     18276
                       MNWC_3h     8022      802     1584     1879     2302     2874     1078      306       86       37 |     18970
                                   6539      541     1254     1860     2749     4117     2094      541      174      108 |     19977
                                   1928      202      373      612      855     1856     1736      617      251      123 |      8553
                                    408       48       79      126      200      437      526      322      202       76 |      2424
                                    128       12       20       39       60      143      163      144       83       61 |       853
                                     83        4       25       31       33       81      108       85       81       81 |       612

                    SUM          901852    14157    20117    17226    18970    22617    11929     3974     1580      767 |   1013189

