 <pre>

 Contingency table for Cloud cover (octas)
 Selection: METCOOP     40 stations
Period: 20220816-20220826
Used {All hours} + 01 02 ... 12
 Limits   0.500000000       1.50000000       2.50000000       3.50000000       4.50000000       5.50000000       6.50000000       7.50000000    
 Each class is data <= limit, the very last > last limit
 Total number of values       24906
                                                       OBSERVATION
                                   1595      521      519      321      300      194      164      283      346 |      4243
                                    267      114      161      167      132      171      121      211      233 |      1577
                                    197       70       84       92       70       98      103      165      145 |      1024
                                    161       47       62       82       59       79       94      139      122 |       845
                      MNWC_ref      168       46       58       71       56      120      111      141      168 |       939
                                    141       41       71       84       51       83      105      176      171 |       923
                                    158       37       76       86       67       94      100      228      243 |      1089
                                    233       45      116      110      115      140      217      391      459 |      1826
                                    409      107      276      290      259      481     1008     2812     6798 |     12440

                    SUM            3329     1028     1423     1303     1109     1460     2023     4546     8685 |     24906
                                                       OBSERVATION
                                   1517      483      485      307      234      191      140      179      453 |      3989
                                    270      129      176      144      125      136      122      164      196 |      1462
                                    190       87      104       94       78      104       93      148      123 |      1021
                                    172       44       80       80       53      108      102      150      151 |       940
                       MNWC_1h      181       35       64       85       64       98      106      145      140 |       918
                                    188       30       60       76       64       87      113      155      173 |       946
                                    182       38       79       90       75       96      132      217      255 |      1164
                                    248       55      116      127      116      144      217      382      434 |      1839
                                    381      127      259      300      300      496      998     3006     6760 |     12627

                    SUM            3329     1028     1423     1303     1109     1460     2023     4546     8685 |     24906
                                                       OBSERVATION
                                   1508      492      485      285      252      176      159      207      459 |      4023
                                    276      137      198      161      105      158      114      187      188 |      1524
                                    201       57       90       79       93      110      107      142      129 |      1008
                                    167       47       80       94       67       98       88      132      121 |       894
                       MNWC_2h      172       45       69       80       64      104       98      132      164 |       928
                                    183       39       69       83       65      104      119      170      175 |      1007
                                    184       41       83       94       72      112      117      218      222 |      1143
                                    231       54      100      142      110      133      205      389      409 |      1773
                                    407      116      249      285      281      465     1016     2969     6818 |     12606

                    SUM            3329     1028     1423     1303     1109     1460     2023     4546     8685 |     24906
                                                       OBSERVATION
                                   1502      480      474      307      272      199      150      215      439 |      4038
                                    311      132      189      153      127      149      111      183      179 |      1534
                                    205       72      106       92       85      102       96      164      149 |      1071
                                    188       65       80       86       75       87      109      142      138 |       970
                       MNWC_3h      160       37       81       78       53       97      108      131      150 |       895
                                    156       41       57       77       61      101      113      163      172 |       941
                                    182       42       89       92       63       98      123      233      230 |      1152
                                    236       47       91      138      107      140      204      374      411 |      1748
                                    389      112      256      280      266      487     1009     2941     6817 |     12557

                    SUM            3329     1028     1423     1303     1109     1460     2023     4546     8685 |     24906

