 <pre>

 Contingency table for Visibility (m)
 Selection: METCOOP    267 stations
Period: 20220816-20220826
Used {All hours} + 00 01 ... 12
 Limits    1000.00000       5000.00000       10000.0000       20000.0000    
 Each class is data <= limit, the very last > last limit
 Total number of values      544486
                                     OBSERVATION
                                   3454     1746     1164     1651     2589 |     10604
                                   6500     9546    10101    13733    18840 |     58720
                      MNWC_ref     2276     4007     5855    10549    22212 |     44899
                                   2030     3905     7596    21737    87090 |    122358
                                   1846     3909     7382    39277   255491 |    307905

                    SUM           16106    23113    32098    86947   386222 |    544486
                                     OBSERVATION
                                   3218     1485      995     1840     2908 |     10446
                                   6252     8683     8542    12276    17927 |     53680
                       MNWC_1h     2479     4374     6182     9816    21370 |     44221
                                   2086     4316     8121    22918    86458 |    123899
                                   2071     4255     8258    40097   257559 |    312240

                    SUM           16106    23113    32098    86947   386222 |    544486
                                     OBSERVATION
                                   3075     1340      987     1561     2224 |      9187
                                   6317     8784     8695    12396    17365 |     53557
                       MNWC_2h     2559     4430     6066    10198    21730 |     44983
                                   2108     4321     8329    22984    88957 |    126699
                                   2047     4238     8021    39808   255946 |    310060

                    SUM           16106    23113    32098    86947   386222 |    544486
                                     OBSERVATION
                                   3084     1430      978     1548     2125 |      9165
                                   6330     8940     8804    12458    17130 |     53662
                       MNWC_3h     2493     4215     6099    10129    21392 |     44328
                                   2149     4289     8177    22668    87337 |    124620
                                   2050     4239     8040    40144   258238 |    312711

                    SUM           16106    23113    32098    86947   386222 |    544486

