 <pre>

 Contingency table for Cloud base (m)
 Selection: ALL    638 stations
Period: 20220816-20220826
Used {All hours} + 01 02 ... 12
 Limits    70.0000000       150.000000       300.000000       600.000000       1000.00000       1500.00000       2500.00000       5000.00000    
 Each class is data <= limit, the very last > last limit
 Total number of values      754145
                                                       OBSERVATION
                                   4825     1131      644      168      192       51      110      143     1402 |      8666
                                   1398     1643     1474      356       61       71       39       58      305 |      5405
                                   1458     3692     6434     2632      486      234      204      217      687 |     16044
                                   1097     2736    10402    13251     3182     1035      582      473     1201 |     33959
                      MNWC_ref      892     1678     5680    12931     9716     3346     1340     1039     2165 |     38787
                                    911     1453     3402     5495     7159     9273     3643     2004     3946 |     37286
                                   1238     2032     3955     5040     5295     8714    15188    10495     9753 |     61710
                                   1310     2241     4719     6049     7713     6326    12005    43930    11668 |     95961
                                  13378     7525    15107    24012    27198    28151    31149    63291   246516 |    456327

                    SUM           26507    24131    51817    69934    61002    57201    64260   121650   277643 |    754145
                                                       OBSERVATION
                                   4329      845      430      200      251       15      118      186     1947 |      8321
                                   1234     1010      990      304       61       36       43       54      308 |      4040
                                   1223     2849     4924     2085      515      223      188      200      409 |     12616
                                    834     2614     8887    10500     2824      940      547      471      875 |     28492
                       MNWC_1h      744     1753     5277    10883     8657     2996     1252     1112     1842 |     34516
                                   1030     1453     3456     5139     6824     8782     3525     2093     3932 |     36234
                                   1272     1971     4162     5058     5250     8239    13733     9241     9790 |     58716
                                   1819     2637     5424     6982     8279     7311    13285    42465    13839 |    102041
                                  14022     8999    18267    28783    28341    28659    31569    65828   244701 |    469169

                    SUM           26507    24131    51817    69934    61002    57201    64260   121650   277643 |    754145
                                                       OBSERVATION
                                   3968      712      376      110      155       23       93      145     1321 |      6903
                                   1127     1040     1010      287       53       16       24       48      191 |      3796
                                   1222     2891     4951     2026      459      195      157      149      345 |     12395
                                    851     2685     9428    11085     2837      936      542      443      902 |     29709
                       MNWC_2h      664     1554     5183    11504     8615     3032     1224      969     1658 |     34403
                                    905     1380     3394     4985     6934     8501     3263     1832     3465 |     34659
                                   1495     2061     4260     5145     5359     8713    13816     9196     9154 |     59199
                                   1727     2642     5512     6973     8223     7204    13887    43462    13265 |    102895
                                  14548     9166    17703    27819    28367    28581    31254    65406   247342 |    470186

                    SUM           26507    24131    51817    69934    61002    57201    64260   121650   277643 |    754145
                                                       OBSERVATION
                                   3780      716      399      136      175       29      112      120     1163 |      6630
                                   1167     1050     1036      294       69       35       20       38      138 |      3847
                                   1197     2997     5071     2078      478      200      150      138      331 |     12640
                                    896     2564     9401    11450     2960      979      581      450      979 |     30260
                       MNWC_3h      606     1611     5134    11682     8644     2907     1183      874     1516 |     34157
                                    797     1328     3419     5019     6926     8521     3300     1623     3363 |     34296
                                   1641     2244     4279     5064     5153     8911    14292     9139     9395 |     60118
                                   1591     2628     5513     6855     8300     6971    13196    43417    12407 |    100878
                                  14832     8993    17565    27356    28297    28648    31426    65851   248351 |    471319

                    SUM           26507    24131    51817    69934    61002    57201    64260   121650   277643 |    754145

