 <pre>

 Contingency table for Low clouds (octas)
 Selection: METCOOP    232 stations
Period: 20220816-20220826
Used {All hours} + 01 02 ... 12
 Limits    1.00000000       2.00000000       3.00000000       4.00000000       5.00000000       6.00000000       7.00000000    
 Each class is data <= limit, the very last > last limit
 Total number of values      283187
                                              OBSERVATION
                                 131200     8324     6969     4945     4675     3873     6920    17377 |    184283
                                   3783      979      934      728      744      682     1393     3147 |     12390
                                   2334      654      579      478      562      454      977     2231 |      8269
                      MNWC_ref     1736      583      578      394      486      454      917     1835 |      6983
                                   1445      542      445      452      446      405      876     1864 |      6475
                                   1415      481      488      403      494      437      990     1993 |      6701
                                   1691      666      707      493      624      549     1479     3270 |      9479
                                   4283     2120     2302     2201     2430     2606     8240    24425 |     48607

                    SUM          147887    14349    13002    10094    10461     9460    21792    56142 |    283187
                                              OBSERVATION
                                 129402     8606     7166     5218     4964     4235     7611    19710 |    186912
                                   4153     1015      922      628      757      631     1521     3177 |     12804
                                   2275      656      663      442      490      435      999     2284 |      8244
                       MNWC_1h     1933      514      553      397      428      413      870     1895 |      7003
                                   1674      457      452      357      401      392      875     1842 |      6450
                                   1578      512      509      374      422      388      952     2081 |      6816
                                   1957      599      620      555      592      559     1400     3135 |      9417
                                   4915     1990     2117     2123     2407     2407     7564    22018 |     45541

                    SUM          147887    14349    13002    10094    10461     9460    21792    56142 |    283187
                                              OBSERVATION
                                 131705     8804     7249     5280     5052     4333     7733    20054 |    190210
                                   3687      982      886      726      766      675     1406     3291 |     12419
                                   2297      570      637      473      515      449      979     2342 |      8262
                       MNWC_2h     1731      537      518      423      428      348      858     1969 |      6812
                                   1466      485      476      366      395      390      855     1845 |      6278
                                   1365      463      516      358      463      378      950     1979 |      6472
                                   1647      576      669      525      582      513     1401     3016 |      8929
                                   3989     1932     2051     1943     2260     2374     7610    21646 |     43805

                    SUM          147887    14349    13002    10094    10461     9460    21792    56142 |    283187
                                              OBSERVATION
                                 132949     8879     7390     5320     5119     4329     7800    20231 |    192017
                                   3517      981      901      695      781      619     1388     3208 |     12090
                                   2106      642      585      514      500      416      916     2291 |      7970
                       MNWC_3h     1575      516      475      389      435      426      874     2000 |      6690
                                   1378      452      488      385      416      407      829     1903 |      6258
                                   1228      477      446      364      450      385      920     2057 |      6327
                                   1419      526      580      479      562      556     1327     3103 |      8552
                                   3715     1876     2137     1948     2198     2322     7738    21349 |     43283

                    SUM          147887    14349    13002    10094    10461     9460    21792    56142 |    283187

