 <pre>

 Contingency table for Rh2m (%)
 Selection: METCOOP    518 stations
Period: 20220816-20220826
Used {All hours} + 00 01 ... 12
 Limits    30.0000000       50.0000000       65.0000000       75.0000000       85.0000000       95.0000000       100.000000    
 Each class is data <= limit, the very last > last limit
 Total number of values     1177547
                                              OBSERVATION
                                     33      423        0        0        0        0        0        0 |       456
                                    110    42892    25809     2186      555       94       20        0 |     71666
                                     13    19196   100533    42818    15720     5420     1123        0 |    184823
                      MNWC_ref        0     1942    37466    80681    63897    23741     5219        0 |    212946
                                      0      472    11189    45772   111287    81604    22731        0 |    273055
                                      0       86     2100    11075    55144   135713    80571        0 |    284689
                                      0        4      219     1182     9053    38522    90908        0 |    139888
                                      0        0        0       27      594     2482     6921        0 |     10024

                    SUM             156    65015   177316   183741   256250   287576   207493        0 |   1177547
                                              OBSERVATION
                                      3      364        0        0        1        0        0        0 |       368
                                    140    39772    21916     2006      716      143       11        0 |     64704
                                     13    22201   102345    41731    15669     5880     1427        0 |    189266
                       MNWC_1h        0     2042    39097    81626    64751    26321     6609        0 |    220446
                                      0      535    11261    45484   111865    85516    24943        0 |    279604
                                      0       82     2435    11622    53559   132837    84224        0 |    284759
                                      0       19      262     1255     9159    34791    84368        0 |    129854
                                      0        0        0       17      530     2088     5911        0 |      8546

                    SUM             156    65015   177316   183741   256250   287576   207493        0 |   1177547
                                              OBSERVATION
                                      3      216        1        0        1        0        0        0 |       221
                                    140    39527    21393     1935      629      111       17        0 |     63752
                                     13    22649   102742    41167    14875     5603     1383        0 |    188432
                       MNWC_2h        0     1975    39183    81460    64242    24986     6041        0 |    217887
                                      0      533    11315    46221   113512    85825    24490        0 |    281896
                                      0       98     2413    11647    53587   134154    85605        0 |    287504
                                      0       17      267     1262     8959    34977    84553        0 |    130035
                                      0        0        2       49      445     1920     5404        0 |      7820

                    SUM             156    65015   177316   183741   256250   287576   207493        0 |   1177547
                                              OBSERVATION
                                     25      259        1        0        0        0        0        0 |       285
                                    118    40449    23042     2210      659      124       20        0 |     66622
                                     13    21711   101757    42253    15661     5805     1403        0 |    188603
                       MNWC_3h        0     2013    38620    80927    64995    24969     5946        0 |    217470
                                      0      493    11442    45694   112106    85129    24598        0 |    279462
                                      0       79     2202    11450    53633   133915    84869        0 |    286148
                                      0       11      252     1161     8701    35596    84969        0 |    130690
                                      0        0        0       46      495     2038     5688        0 |      8267

                    SUM             156    65015   177316   183741   256250   287576   207493        0 |   1177547

