 <pre>

 Contingency table for Cloud cover (octas)
 Selection: ALL    404 stations
Period: 20220816-20220826
Used {All hours} + 01 02 ... 12
 Limits   0.500000000       1.50000000       2.50000000       3.50000000       4.50000000       5.50000000       6.50000000       7.50000000    
 Each class is data <= limit, the very last > last limit
 Total number of values      530078
                                                       OBSERVATION
                                  57279    12783    12984     5774     3497     4225     3806     4062     6322 |    110732
                                  15271     4453     4440     3333     2187     2860     3129     3891     6605 |     46169
                                   8391     2431     2682     2142     1552     2147     2467     3003     5679 |     30494
                                   6040     1809     2030     1711     1370     1819     2218     2901     5594 |     25492
                      MNWC_ref     5390     1718     1850     1609     1316     1766     2363     3182     5983 |     25177
                                   5123     1646     1890     1766     1327     1957     2525     3854     7186 |     27274
                                   5323     1745     1931     1979     1625     2326     3126     4900     9418 |     32373
                                   6760     2290     2604     2660     2218     3203     4784     8538    16268 |     49325
                                  11749     4838     4472     5319     4465     8152    12782    35938    95327 |    183042

                    SUM          121326    33713    34883    26293    19557    28455    37200    70269   158382 |    530078
                                                       OBSERVATION
                                  55610    13069    12964     6013     3637     4497     4020     4293     7698 |    111801
                                  15034     4234     4552     3254     2335     2820     3146     3980     7181 |     46536
                                   8392     2360     2739     2091     1586     2066     2401     3170     5971 |     30776
                                   6395     1837     2093     1744     1263     1870     2267     2933     5684 |     26086
                       MNWC_1h     5525     1586     1959     1702     1287     1807     2311     3258     6052 |     25487
                                   5290     1563     1829     1640     1262     1967     2525     3759     7169 |     27004
                                   5646     1739     1871     1856     1558     2276     3126     4846     9407 |     32325
                                   7090     2356     2525     2644     2087     3278     4777     8307    15745 |     48809
                                  12344     4969     4351     5349     4542     7874    12627    35723    93475 |    181254

                    SUM          121326    33713    34883    26293    19557    28455    37200    70269   158382 |    530078
                                                       OBSERVATION
                                  57647    13325    13303     6039     3697     4368     4077     4123     7572 |    114151
                                  15338     4378     4469     3286     2272     2911     3219     4100     7162 |     47135
                                   8241     2381     2657     2048     1500     2133     2412     3157     6079 |     30608
                                   6202     1838     2039     1781     1302     1887     2227     2951     5627 |     25854
                       MNWC_2h     5400     1660     1883     1754     1286     1824     2310     3221     5969 |     25307
                                   5063     1610     1777     1642     1379     1936     2588     3681     6862 |     26538
                                   5272     1723     1987     1891     1515     2374     3187     4834     9615 |     32398
                                   6744     2243     2538     2735     2149     3283     4637     8463    15923 |     48715
                                  11419     4555     4230     5117     4457     7739    12543    35739    93573 |    179372

                    SUM          121326    33713    34883    26293    19557    28455    37200    70269   158382 |    530078
                                                       OBSERVATION
                                  58630    13336    13118     6062     3699     4473     4004     4140     7404 |    114866
                                  15420     4322     4602     3337     2213     2953     3072     3914     7126 |     46959
                                   8238     2433     2625     2086     1542     2116     2510     3210     5918 |     30678
                                   5997     1892     2078     1736     1338     1844     2277     3036     5753 |     25951
                       MNWC_3h     5282     1662     1884     1711     1336     1840     2307     3332     6086 |     25440
                                   5020     1655     1802     1692     1326     1984     2563     3805     7150 |     26997
                                   5167     1686     2009     1808     1479     2349     3105     4956     9496 |     32055
                                   6540     2187     2549     2711     2207     3306     4782     8560    16525 |     49367
                                  11032     4540     4216     5150     4417     7590    12580    35316    92924 |    177765

                    SUM          121326    33713    34883    26293    19557    28455    37200    70269   158382 |    530078

