 <pre>

 Contingency table for 6h Precipitation (mm/6h)
 Selection: METCOOP    360 stations
Period: 20220816-20220826
Used {All hours} + 06-00 07-01 08-02 09-03 10-04 11-05 12-06
 Limits   0.100000001      0.200000003      0.500000000       1.00000000       2.00000000       5.00000000       10.0000000       20.0000000       35.0000000    
 Each class is data <= limit, the very last > last limit
 Total number of values      444439
                                                       OBSERVATION
                                 336707     4976     6441     4142     3496     4069     2178     1229      221        0 |    363459
                                   6211      456      832      701      645      599      273      140       28        0 |      9885
                                   8039      636     1324     1189     1170     1181      548      213       34        0 |     14334
                                   5556      587     1150     1145     1171     1356      592      257       48        1 |     11863
                      MNWC_ref     4819      572     1137     1229     1521     2049     1027      385       84        2 |     12825
                                   4345      524     1109     1393     2109     3800     2057      898      139       26 |     16400
                                   1822      202      430      537      875     2063     2050     1248      224       45 |      9496
                                    504       41      134      141      314      797     1078     1272      422       78 |      4781
                                     45        7       28       32       61      133      199      406      300       36 |      1247
                                      7        0        1        3        8       16       20       63       24        7 |       149

                    SUM          368055     8001    12586    10512    11370    16063    10022     6111     1524      195 |    444439
                                                       OBSERVATION
                                 333850     4946     6683     4426     3759     4509     2366     1309      174        0 |    362022
                                   6551      408      833      593      595      623      306      176       24        0 |     10109
                                   8384      675     1209     1182     1081     1223      552      270       36        0 |     14612
                                   6116      553     1084     1006     1125     1439      569      270       50        2 |     12214
                       MNWC_1h     5340      581     1133     1155     1471     1942      893      386       75        5 |     12981
                                   5083      578     1088     1339     2040     3403     2155      795      140       23 |     16644
                                   2079      204      404      609      915     2083     1965     1272      258       41 |      9830
                                    576       47      133      175      330      692     1032     1249      461       57 |      4752
                                     64        9       17       24       45      136      165      337      261       51 |      1109
                                     12        0        2        3        9       13       19       47       45       16 |       166

                    SUM          368055     8001    12586    10512    11370    16063    10022     6111     1524      195 |    444439
                                                       OBSERVATION
                                 335722     5022     6726     4307     3631     4523     2388     1327      227        0 |    363873
                                   6250      449      855      727      645      607      230      163       39        0 |      9965
                                   7725      627     1204     1164     1181     1138      511      214       46        0 |     13810
                                   5891      544     1074     1012     1192     1298      576      235       44        0 |     11866
                       MNWC_2h     5050      569     1119     1233     1524     1994      885      364       61        3 |     12802
                                   4929      570     1080     1313     1994     3641     2167      876      126        4 |     16700
                                   1812      184      396      543      864     1919     2050     1282      202       22 |      9274
                                    595       31      112      192      308      821     1021     1221      498       90 |      4889
                                     68        4       15       21       31      113      169      409      248       51 |      1129
                                     13        1        5        0        0        9       25       20       33       25 |       131

                    SUM          368055     8001    12586    10512    11370    16063    10022     6111     1524      195 |    444439
                                                       OBSERVATION
                                 336540     5107     6650     4309     3705     4378     2323     1282      212        0 |    364506
                                   6278      410      852      655      627      652      280      162       23        0 |      9939
                                   7765      548     1297     1141     1096     1236      507      207       29        0 |     13826
                                   5334      574     1100     1006     1143     1322      601      262       34        0 |     11376
                       MNWC_3h     5046      566     1059     1314     1573     2053      928      419       50        0 |     13008
                                   4682      559     1040     1320     2034     3573     2063      858      163        6 |     16298
                                   1787      171      413      570      903     2040     2025     1168      236       27 |      9340
                                    561       60      153      171      268      690     1096     1330      474       79 |      4882
                                     54        6       19       24       20      109      187      399      275       59 |      1152
                                      8        0        3        2        1       10       12       24       28       24 |       112

                    SUM          368055     8001    12586    10512    11370    16063    10022     6111     1524      195 |    444439

