 <pre>

 Contingency table for Cloud base (m)
 Selection: METCOOP    232 stations
Period: 20220816-20220826
Used {All hours} + 01 02 ... 12
 Limits    70.0000000       150.000000       300.000000       600.000000       1000.00000       1500.00000       2500.00000       5000.00000    
 Each class is data <= limit, the very last > last limit
 Total number of values      268036
                                                       OBSERVATION
                                   3057      839      449      103      154       35       99       34      791 |      5561
                                    509      963      999      215       34       37       13       23       45 |      2838
                                    714     2039     3612     1266      176       99       63       91      191 |      8251
                                    474     1404     5515     5446     1211      417      171      250      248 |     15136
                      MNWC_ref      220      680     2308     5916     3979     1281      449      490      300 |     15623
                                    473      739     1449     2245     2729     2960     1185      833      538 |     13151
                                    486      975     1483     1855     1674     2658     4027     3042     1516 |     17716
                                    683      981     1861     2032     1750     2209     4041    16171     2986 |     32714
                                   8510     4551     7439    11089     9438    11974    10974    17230    75841 |    157046

                    SUM           15126    13171    25115    30167    21145    21670    21022    38164    82456 |    268036
                                                       OBSERVATION
                                   3024      511      241      125      210        7      106       79     1076 |      5379
                                    610      663      681      218       34       10       30       21      152 |      2419
                                    677     1682     2873     1026      193      111       60       95      151 |      6868
                                    458     1481     5094     4901     1266      382      176      269      238 |     14265
                       MNWC_1h      350      875     2426     5374     4001     1291      492      558      460 |     15827
                                    486      655     1415     2165     2462     3094     1250      991      854 |     13372
                                    435      851     1512     1691     1645     2483     3423     2461     1550 |     16051
                                    785     1177     2192     2157     1734     2394     4277    14194     3236 |     32146
                                   8301     5276     8681    12510     9600    11898    11208    19496    74739 |    161709

                    SUM           15126    13171    25115    30167    21145    21670    21022    38164    82456 |    268036
                                                       OBSERVATION
                                   2790      439      227       60      121       15       86       56      711 |      4505
                                    502      680      687      190       34        7       16       24       80 |      2220
                                    661     1653     2896      994      170       97       70       68      124 |      6733
                                    472     1446     5271     4906     1264      386      178      271      184 |     14378
                       MNWC_2h      321      839     2363     5509     3927     1280      515      524      401 |     15679
                                    411      644     1427     1978     2404     2749     1086      818      665 |     12182
                                    482      828     1474     1767     1722     2515     3309     2429     1259 |     15785
                                    798     1180     2203     2233     1744     2479     4593    14801     3146 |     33177
                                   8689     5462     8567    12530     9759    12142    11169    19173    75886 |    163377

                    SUM           15126    13171    25115    30167    21145    21670    21022    38164    82456 |    268036
                                                       OBSERVATION
                                   2708      477      271       95      141       23      103       34      700 |      4552
                                    508      667      744      187       38       17       16       15       64 |      2256
                                    626     1700     3011     1074      176       80       58       68       90 |      6883
                                    453     1365     5074     4791     1265      375      192      240      163 |     13918
                       MNWC_3h      262      868     2383     5602     3846     1211      445      444      334 |     15395
                                    397      646     1412     1955     2409     2716     1075      690      544 |     11844
                                    478      856     1446     1674     1552     2601     3484     2344     1226 |     15661
                                    774     1175     2245     2180     1857     2387     4459    15129     3080 |     33286
                                   8920     5417     8529    12609     9861    12260    11190    19200    76255 |    164241

                    SUM           15126    13171    25115    30167    21145    21670    21022    38164    82456 |    268036

