 <pre>

 Contingency table for Low clouds (octas)
 Selection: ALL    624 stations
Period: 20220816-20220826
Used {All hours} + 01 02 ... 12
 Limits    1.00000000       2.00000000       3.00000000       4.00000000       5.00000000       6.00000000       7.00000000    
 Each class is data <= limit, the very last > last limit
 Total number of values      789799
                                              OBSERVATION
                                 416693    26211    17636    11866    10757     9623    15820    34224 |    542830
                                  12776     2476     2244     1718     1770     1570     3257     6877 |     32688
                                   7595     1681     1544     1224     1260     1148     2344     5083 |     21879
                      MNWC_ref     6198     1483     1447     1006     1150     1103     2111     4472 |     18970
                                   5499     1476     1365     1092     1159     1028     2170     4738 |     18527
                                   5200     1508     1556     1248     1289     1168     2565     5297 |     19831
                                   5969     1917     1940     1611     1677     1665     3823     8646 |     27248
                                  12584     4749     5653     4824     5605     5922    17217    51272 |    107826

                    SUM          472514    41501    33385    24589    24667    23227    49307   120609 |    789799
                                              OBSERVATION
                                 418549    27786    18918    13070    12181    10938    19050    41270 |    561762
                                  12893     2485     2257     1666     1746     1549     3554     7392 |     33542
                                   7220     1618     1566     1133     1148     1088     2319     5385 |     21477
                       MNWC_1h     5860     1293     1339      998     1066     1015     2072     4560 |     18203
                                   5193     1273     1238      979     1029      975     2005     4531 |     17223
                                   4997     1318     1394     1104     1116     1034     2215     5220 |     18398
                                   5845     1656     1814     1515     1546     1615     3406     8042 |     25439
                                  11957     4072     4859     4124     4835     5013    14686    44209 |     93755

                    SUM          472514    41501    33385    24589    24667    23227    49307   120609 |    789799
                                              OBSERVATION
                                 422902    27759    18830    12924    12141    10903    18574    40995 |    565028
                                  11990     2383     2205     1727     1800     1620     3436     7304 |     32465
                                   7118     1568     1610     1191     1213     1094     2353     5206 |     21353
                       MNWC_2h     5558     1390     1341     1099     1009     1020     2046     4732 |     18195
                                   4873     1350     1344     1033      992      979     2038     4543 |     17152
                                   4554     1380     1454     1128     1241     1065     2232     5268 |     18322
                                   5182     1674     1914     1451     1562     1512     3555     7988 |     24838
                                  10337     3997     4687     4036     4709     5034    15073    44573 |     92446

                    SUM          472514    41501    33385    24589    24667    23227    49307   120609 |    789799
                                              OBSERVATION
                                 423879    27550    18860    12811    12097    10656    18324    40514 |    564691
                                  11795     2375     2235     1673     1797     1592     3386     7227 |     32080
                                   6876     1597     1533     1197     1205     1123     2339     5313 |     21183
                       MNWC_3h     5516     1426     1356     1062     1064     1052     2090     4670 |     18236
                                   4876     1319     1348     1041     1060     1034     2103     4738 |     17519
                                   4547     1382     1427     1141     1208     1126     2310     5388 |     18529
                                   5042     1743     1844     1477     1553     1609     3441     8213 |     24922
                                   9983     4109     4782     4187     4683     5035    15314    44546 |     92639

                    SUM          472514    41501    33385    24589    24667    23227    49307   120609 |    789799

